9.208472637456366350e-01
1.503162782303468337e+00
1.109671816250753729e+00
9.070911404891390806e-01
4.827917976861664240e-01
1.260629395733296576e+00
5.315552394194238417e-01
2.121205502737279147e+00
2.372819661753602372e+00
3.420453158902219126e-01
1.771037633289326063e+00
8.511322191351657906e-01
9.881559638287631397e-01
2.239588234024313618e+00
-7.513737963073956472e-01
-6.950474510446075227e-01
-9.292356089588600376e-01
1.914169459417783159e+00
1.723548628324476528e+00
2.045042518863867009e+00
2.425164197814674072e+00
1.797054974758532708e+00
6.151777678852614617e-01
1.731852117002594227e+00
-5.860395094587337317e-01
1.239723574646333315e+00
-4.982634940683375868e-01
2.306341209673543613e+00
8.264691261252508081e-01
4.513167899668326655e-01
-7.405535763380566294e-02
1.709817913019758162e+00
5.965261627579199200e-01
9.895188210402698914e-01
-9.342356984727570035e-01
1.161724239765569600e+00
1.142335029528474877e+00
1.159268989061649435e+00
2.303118274801184473e+00
1.386371046862191925e+00
2.582776520082510352e-01
5.296118382976950922e-01
1.441709185745426947e+00
-7.892108492975555833e-01
1.333683504059836711e+00
1.347232543663557713e+00
-2.636610362415567899e-01
-5.487579582080134299e-01
1.039992282346435815e-01
2.729876982991790157e-01
9.956886964625786263e-01
5.351052971181211593e-01
2.459308433207291422e+00
-6.428431623819017560e-01
-2.689313536680786321e-01
-4.354166874025131584e-01
1.285879139128894622e+00
-1.134793911107625508e-01
6.320877049970721195e-01
-1.445104279943904002e-01
-4.436064572406810402e-01
-6.136870059249319720e-01
1.297153563128456977e+00
-5.163596702798516347e-01
-3.119617341198127614e-01
2.905380973133744327e-01
1.873476304467772913e+00
-6.601455347242854987e-01
1.932807176245813885e+00
-6.636555723711292654e-01
2.417608127546885033e+00
6.402792057669555170e-01
2.418663808666179804e+00
1.116959319107660775e+00
1.587422527894055690e+00
-8.628427271098776385e-01
-1.017563098256646370e-02
-5.793120357539087717e-01
3.649069132750737410e-02
-5.844529836601457529e-01
1.129411278789160811e-01
4.499204808013448353e-01
-7.754837627792547927e-01
1.423652417795069347e+00
9.831050897230131369e-01
-7.113678171194104394e-02
8.313681871334488438e-01
-6.712082123454541360e-01
1.015812734446627452e+00
2.252536691516749290e+00
1.149913335796328706e-01
1.335936329872885686e+00
-5.387074815846273346e-01
1.507145214414979506e+00
1.292132531520384653e-02
-3.588302329750910902e-01
1.052795271835290869e+00
-9.296235883437725667e-01
1.901290102260770887e+00
-9.835658333260852704e-01
