1.941778755187988281e+01
2.152147293090820312e+01
2.771500587463378906e+01
2.839207267761230469e+01
2.125625610351562500e+01
2.723397445678710938e+01
2.974924659729003906e+01
1.992012214660644531e+01
2.362383651733398438e+01
2.968862533569335938e+01
1.960741996765136719e+01
2.117083358764648438e+01
2.862065696716308594e+01
3.048675727844238281e+01
1.939519119262695312e+01
2.792888069152832031e+01
2.931468391418457031e+01
2.000699996948242188e+01
2.518169212341308594e+01
2.741092491149902344e+01
1.810417366027832031e+01
1.920384979248046875e+01
2.498506927490234375e+01
3.048458099365234375e+01
1.799722290039062500e+01
2.333920860290527344e+01
2.748467445373535156e+01
1.565017700195312500e+01
2.014324188232421875e+01
2.602956199645996094e+01
1.593397998809814453e+01
1.945039176940917969e+01
2.243212699890136719e+01
2.817203140258789062e+01
